image: office-2nd-floor-2.5cm-rplidar.pgm
resolution: 0.025000
origin: [-26.600000, -13.000000, 0.000000]
negate: 0
occupied_thresh: 0.65
free_thresh: 0.196

