image: office-2nd-floor.pgm
resolution: 0.010000
origin: [-33.320000, -35.240000, 0.000000]
negate: 0
occupied_thresh: 0.65
free_thresh: 0.196

